avg	120	80	80	200	135	45	100	15	0.2	0.7	20	25	20	0	null
ledu202	140	81	81	190	117	46	92	15.3	1	0.85	16	18	22	15.11.19	이동욱
ledu202	100	68	88	166	99	49	88	15.4	1	0.86	18	19	21	16.11.19	이동욱
ledu1017	140	82	82	179	120	44	77	14.2	1	0.82	16	26	26	19.10.17	김동욱
ledu202	120	77	87	164	98	48	89	14.8	1	0.77	20	22	19	17.11.19	이동욱
ledu202	130	75	92	159	115	42	93	15.2	1	0.78	22	23	15	18.11.19	이동욱
ledu1017	160	79	96	188	110	52	87	15.9	1	0.80	21	19	19	20.10.17	김동욱
ledu202	150	70	76	187	108	39	84	16.1	1	0.76	24	20	24	19.11.19	이동욱
ledu202	110	69	77	196	109	48	80	15.6	1	0.84	17	19	11	20.11.19	이동욱
ledu1017	140	92	73	188	102	44	97	14.9	1	0.74	14	17	28	21.10.17	김동욱
ledu202	135	88	80	184	111	42	91	15.3	1	0.77	11	27	22	21.11.19	이동욱
ledu202	140	70	90	137	94	51	73	15.9	1	0.88	16	13	14	12.11.19	이동욱
ledu1017	170	79	75	200	120	51	94	15.2	1	0.88	22	18	19	22.10.17	김동욱